5.433884297520661516e-02
3.384297520661157244e-02
2.371900826446280905e-02
4.132231404958677990e-05
0.000000000000000000e+00
3.690082644628099595e-02
8.760330578512397215e-02
1.079338842975206686e-01
1.072314049586776952e-01
6.066115702479338984e-02
2.801652892561983660e-02
2.413223140495867822e-02
5.219008264462809965e-02
2.223140495867768560e-02
1.896694214876033097e-02
6.818181818181818718e-03
7.107438016528925574e-03
4.367768595041322116e-02
8.326446280991735283e-02
1.105371900826446346e-01
9.198347107438016590e-02
4.132231404958677801e-02
1.826446280991735754e-02
3.921487603305785080e-02
7.450413223140496533e-02
4.797520661157025218e-02
3.880165289256198163e-02
1.847107438016528866e-02
9.132231404958678772e-03
4.809917355371901015e-02
9.438016528925620430e-02
1.220661157024793414e-01
1.090082644628099229e-01
4.322314049586777063e-02
3.264462809917355324e-02
6.731404958677686401e-02
1.205785123966942179e-01
9.169421487603306165e-02
6.652892561983471398e-02
4.524793388429752122e-02
4.314049586776859402e-02
7.305785123966943018e-02
1.307851239669421406e-01
1.540082644628099351e-01
1.365702479338843089e-01
8.107438016528925595e-02
8.008264462809917827e-02
1.297933884297520768e-01
1.693801652892562015e-01
1.402479338842975154e-01
1.026446280991735599e-01
6.847107438016529490e-02
7.123966942148760029e-02
1.154132231404958742e-01
1.803305785123966998e-01
1.951652892561983599e-01
1.690082644628099207e-01
1.156611570247933901e-01
8.243801652892562837e-02
1.273553719008264640e-01
1.871446280991735656e-01
1.593677685950413148e-01
1.324214876033057986e-01
7.861570247933884203e-02
8.323966942148761095e-02
1.411528925619834895e-01
1.973305785123966871e-01
2.184421487603305789e-01
2.118925619834710894e-01
1.461239669421487697e-01
1.147355371900826426e-01
1.543347107438016452e-01
2.232520661157024744e-01
2.072520661157024879e-01
1.730950413223140416e-01
1.247809917355371945e-01
1.164917355371900831e-01
1.466942148760330689e-01
1.941280991735537254e-01
2.311942148760330606e-01
1.995041322314049514e-01
1.429256198347107487e-01
1.277314049586776856e-01
1.574917355371900918e-01
1.992768595041322366e-01
1.957066115702479348e-01
1.777396694214876116e-01
1.253760330578512494e-01
9.707024793388430162e-02
1.384793388429752248e-01
2.252975206611570191e-01
2.690247933884297726e-01
2.428884297520661206e-01
1.600000000000000033e-01
1.273305785123967082e-01
1.828388429752066113e-01
2.503719008264462809e-01
2.101239669421487710e-01
1.713636363636363569e-01
1.328925619834710747e-01
1.314462809917355535e-01
1.961570247933884237e-01
2.745867768595041669e-01
2.772727272727272818e-01
2.268181818181818354e-01
1.652479338842975376e-01
1.390909090909090984e-01
1.832644628099173723e-01
2.509090909090909149e-01
2.126033057851239860e-01
1.760330578512396826e-01
1.369834710743801642e-01
1.124380165289256273e-01
1.544628099173553648e-01
2.157438016528925584e-01
2.412396694214876125e-01
1.939669421487603407e-01
1.324793388429752194e-01
1.203305785123967020e-01
1.608264462809917417e-01
1.976033057851239727e-01
1.739669421487603229e-01
1.496694214876033158e-01
1.340909090909090939e-01
1.138842975206611624e-01
1.662809917355372036e-01
2.594628099173553748e-01
3.171900826446281130e-01
2.915702479338843078e-01
1.857438016528925595e-01
1.616115702479338778e-01
2.234297520661157055e-01
3.135950413223140831e-01
2.459090909090909105e-01
2.260743801652892737e-01
1.817768595041322488e-01
1.825619834710743850e-01
2.413223140495867891e-01
3.021074380165289508e-01
3.210330578512397004e-01
2.795867768595041158e-01
2.104545454545454497e-01
1.951652892561983599e-01
2.321487603305785186e-01
2.943801652892562015e-01
2.930165289256198569e-01
2.262396694214875992e-01
1.949173553719008301e-01
1.959504132231404960e-01
2.435950413223140487e-01
3.051239669421487721e-01
3.276859504132231260e-01
3.095041322314049936e-01
2.205371900826446352e-01
2.019421487603305920e-01
2.766115702479338689e-01
3.260330578512397048e-01
2.635950413223140387e-01
2.381404958677686146e-01
1.946694214876033002e-01
1.992148760330578472e-01
2.728512396694214859e-01
3.632644628099173656e-01
3.596280991735537058e-01
3.014049586776859635e-01
2.596280991735537280e-01
2.083884297520661177e-01
2.876446280991735716e-01
3.238016528925620197e-01
2.762809917355372180e-01
2.573966942148760428e-01
2.206611570247933862e-01
2.386363636363636465e-01
3.163636363636363469e-01
4.047107438016528946e-01
4.303719008264462742e-01
3.519008264462810120e-01
2.721900826446281285e-01
2.436776859504132253e-01
3.042975206611570616e-01
3.901239669421487921e-01
3.459504132231405182e-01
3.049586776859504189e-01
2.531404958677686001e-01
2.484297520661156999e-01
3.373553719008264840e-01
4.387190082644628064e-01
4.922727272727273062e-01
3.923553719008264773e-01
3.064049586776859679e-01
2.800413223140496011e-01
3.497520661157024757e-01
3.895041322314049537e-01
3.455371900826446629e-01
3.523140495867768673e-01
2.916115702479338823e-01
2.915702479338843078e-01
3.736776859504132298e-01
4.501239669421487899e-01
4.639669421487603307e-01
4.156198347107438185e-01
3.311157024793388581e-01
3.073553719008264573e-01
4.111157024793388737e-01
4.525619834710744027e-01
3.390082644628099051e-01
3.419834710743801520e-01
3.049999999999999933e-01
3.176033057851239683e-01
3.951652892561983710e-01
4.965702479338843234e-01
4.988016528925620086e-01
4.699173553719008245e-01
3.757851239669421362e-01
3.246280991735537302e-01
3.781818181818181746e-01
4.540909090909091006e-01
3.629338842975206592e-01
3.424380165289256372e-01
3.099586776859504234e-01
3.552066115702479654e-01
4.404958677685950619e-01
5.188842975206611197e-01
5.241322314049586817e-01
4.671900826446281352e-01
3.727272727272727404e-01
3.526859504132231482e-01
3.987603305785124008e-01
4.438016528925620152e-01
3.920247933884297709e-01
3.663223140495867614e-01
3.330578512396694113e-01
3.402066115702479521e-01
3.963636363636363624e-01
5.030165289256198768e-01
5.026033057851240216e-01
4.488842975206611685e-01
3.860743801652892770e-01
3.601239669421487655e-01
4.326859504132231637e-01
4.623553719008264840e-01
4.013223140495867924e-01
4.186363636363636398e-01
3.490495867768594884e-01
3.438429752066115563e-01
4.379752066115702447e-01
5.737603305785123897e-01
5.887190082644628841e-01
5.013636363636363447e-01
4.007024793388430095e-01
3.784297520661157321e-01
4.543801652892562326e-01
5.309917355371901460e-01
4.441735537190082961e-01
4.149586776859504056e-01
3.665702479338843189e-01
3.747520661157024979e-01
5.014876033057851235e-01
6.059917355371901015e-01
5.846280991735537391e-01
5.104132231404958642e-01
4.231404958677685846e-01
3.932644628099173922e-01
4.622314049586777052e-01
5.120661157024793964e-01
4.453719008264462875e-01
4.343388429752066404e-01
3.739669421487603618e-01
4.059090909090909416e-01
5.109504132231404983e-01
6.206198347107437785e-01
6.927272727272727471e-01
5.563223140495867636e-01
4.532644628099173900e-01
4.302479338842975509e-01
5.021487603305785363e-01
5.819008264462810498e-01
5.154545454545454986e-01
4.862396694214876081e-01
4.090082644628099118e-01
4.475619834710743983e-01
5.559504132231405382e-01
6.388842975206612262e-01
6.550000000000000266e-01
5.647107438016528702e-01
4.705371900826446629e-01
4.521900826446281219e-01
5.233884297520661200e-01
5.946694214876033779e-01
4.934710743801652977e-01
4.635950413223140498e-01
4.272727272727273040e-01
4.355785123966942063e-01
5.374380165289256439e-01
6.814049586776860234e-01
6.735537190082644399e-01
6.089256198347107185e-01
5.433884297520661377e-01
4.760330578512396715e-01
5.493388429752066315e-01
5.774380165289256794e-01
4.871900826446280974e-01
5.054545454545454897e-01
4.470661157024793386e-01
5.054545454545454897e-01
6.307024793388430473e-01
7.527272727272728003e-01
7.739256198347107540e-01
6.848760330578512745e-01
5.576033057851239594e-01
4.902892561983471231e-01
5.621074380165289597e-01
6.288016528925619575e-01
4.949999999999999956e-01
5.347520661157024735e-01
4.769834710743801609e-01
5.082644628099173278e-01
6.337603305785124430e-01
7.973140495867768740e-01
7.918181818181818654e-01
6.753719008264462698e-01
5.538842975206611507e-01
5.007024793388430428e-01
5.759090909090909260e-01
6.462809917355372136e-01
5.815702479338843434e-01
5.415702479338843078e-01
4.868181818181818166e-01
5.698347107438016534e-01
6.958677685950412917e-01
7.694628099173553837e-01
8.238429752066116496e-01
7.121074380165289819e-01
5.846280991735537391e-01
5.485950413223140698e-01
6.637603305785124697e-01
7.416942148760330422e-01
5.824793388429752028e-01
5.700826446280992110e-01
5.081404958677686601e-01
5.499173553719008956e-01
6.554545454545455119e-01
7.623553719008264729e-01
8.301652892561983688e-01
6.804958677685950530e-01
5.629752066115703002e-01
5.023966942148760939e-01
5.668595041322314065e-01
6.595454545454545459e-01
5.469834710743801676e-01
5.623966942148760362e-01
5.230991735537190435e-01
5.700826446280992110e-01
6.822727272727272529e-01
8.509090909090909483e-01
8.543388429752066804e-01
7.402479338842975487e-01
6.314876033057851279e-01
5.440909090909090695e-01
6.409090909090909838e-01
7.144628099173554459e-01
6.234710743801653576e-01
5.913636363636364246e-01
5.179752066115702602e-01
5.678925619834710448e-01
6.573966942148760095e-01
8.382231404958677690e-01
8.696694214876032891e-01
7.240909090909091184e-01
6.033884297520660800e-01
5.438842975206611419e-01
6.714049586776860146e-01
7.293388429752066804e-01
6.407851239669422050e-01
6.066942148760330333e-01
5.433471074380165078e-01
6.102479338842975443e-01
7.289669421487603440e-01
8.369834710743802031e-01
8.246694214876033602e-01
7.322727272727272974e-01
6.214049586776859702e-01
5.735537190082644621e-01
6.970661157024793386e-01
7.343801652892562037e-01
6.121900826446281529e-01
6.422727272727273284e-01
5.488016528925619975e-01
5.873553719008264284e-01
7.769421487603306309e-01
9.262396694214876103e-01
9.552892561983471476e-01
8.246280991735537302e-01
6.870661157024793297e-01
5.918595041322314287e-01
7.271900826446281441e-01
7.169834710743802075e-01
6.185537190082645020e-01
6.554132231404958819e-01
5.654958677685950619e-01
6.439669421487603795e-01
7.871074380165289375e-01
9.546694214876033646e-01
9.804545454545454675e-01
7.682644628099173367e-01
6.604545454545455163e-01
6.025619834710743694e-01
6.973553719008264151e-01
7.592561983471074472e-01
7.023553719008264196e-01
6.623966942148760140e-01
5.949586776859504544e-01
6.671074380165289419e-01
7.919421487603306442e-01
9.143801652892562526e-01
1.000000000000000000e+00
8.519008264462810676e-01
7.290082644628099739e-01
6.402479338842975709e-01
7.286776859504132675e-01
8.053719008264462742e-01
7.176033057851239905e-01
6.747520661157024868e-01
6.063223140495868080e-01
6.479338842975206347e-01
8.132644628099173767e-01
9.458677685950414027e-01
9.113223140495868568e-01
7.896694214876033291e-01
6.627685950413223503e-01
6.061157024793388803e-01
7.307438016528925440e-01
7.852066115702479587e-01
6.426033057851240349e-01
6.297933884297520768e-01
5.554132231404959041e-01
5.943388429752066715e-01
7.173553719008264329e-01
8.539256198347108251e-01
8.830165289256198813e-01
7.425619834710743827e-01
6.445867768595041625e-01
5.641322314049587172e-01
7.364876033057851101e-01
8.284297520661156877e-01
6.904132231404959130e-01
6.659090909090908950e-01
5.606198347107438362e-01
6.295454545454545192e-01
8.245041322314049514e-01
9.820247933884297398e-01
9.932644628099174255e-01
8.113636363636363980e-01
6.464876033057851412e-01
5.930165289256198458e-01
7.751239669421488010e-01
8.376859504132231349e-01
6.839669421487603040e-01
6.639669421487603973e-01
5.943388429752066715e-01
6.473966942148760007e-01
8.156198347107438407e-01
9.889669421487603529e-01
9.974793388429752383e-01
8.053719008264462742e-01
6.478512396694214859e-01
5.944628099173553393e-01
7.044214876033058070e-01
7.415289256198347445e-01
6.397520661157024557e-01
6.250000000000000000e-01
5.743388429752066537e-01
6.779338842975206614e-01
7.979338842975206569e-01
9.869834710743802253e-01
9.612396694214876414e-01
7.707024793388429496e-01
6.557024793388429584e-01
6.108264462809918083e-01
6.789669421487602996e-01
7.690909090909091583e-01
6.500826446280991711e-01
6.741322314049587039e-01
5.936776859504132586e-01
6.386363636363636687e-01
7.688429752066116007e-01